860519
862027
862029
862031
862032
862033
862034
862038
862039
862040
862041
862042
862043
862044
862049
862070
862071
862073
862080
862083
862085
862090
862091
862092
862093
862094
862095
862098
862136
862142
862144
862145
862146
862147
862177
862178
862180
862181
862183
862185
862186
862188
862189
862190
862192
862193
862195
862223
862226
862229
862234
862237
862238
862239
862243
862245
862276
862277
862279
862280
862283
862285
862286
862289
862290
862293
862330
862331
862332
862333
862334
862335
862336
862338
862339
862342
862343
862372
862376
862378
862379
862380
862383
862384
862386
862387
862390
862426
862427
862428
862429
862430
862431
862433
862435
862436
862437
862438
862441
862442
862443
862447
862451
862453
862454
862455
862461
862462
862463
862465
862466
862467
862469
862470
862473
862476
862480
862481
862483
862487
862489
862490
862491
862492
862493
862494
862495
862501
862503
862505
862507
862508
862509
862512
862513
862514
862515
862516
862519
862522
862525
862526
862528
862529
862530
862532
862535
862536
862537
862538
862539
862540
862541
862542
862544
862547
862548
862554
862555
862556
862557
862558
862559
862560
862562
862564
862569
862570
862571
862572
862588
862589
862590
862591
862593
862594
862597
862598
862600
862601
862604
862605
862606
862610
862611
862612
862614
862618
862619
862620
862622
862623
862625
862630
862641
862642
862643
862644
862646
862647
862648
862652
862654
862655
862657
862658
862661
862662
862663
862665
862667
862668
862669
862671
862672
862674
862675
862676
862677
862678
862679
862680
862683
862684
862685
862687
862688
862689
862690
862691
862692
862694
862695
862696
862701
862702
862705
862706
862708
862711
862712
862714
862716
862718
862719
862721
862722
862744
862745
862747
862749
862750
862751
862754
862758
862759
862760
862761
862762
862763
862764
862765
862767
862768
862769
862770
862771
862772
862773
862776
862779
862780
862781
862782
862783
862784
862789
862791
862798
862802
862804
862805
862807
862808
862810
862811
862813
862814
862815
862817
862820
862821
862822
862825
862827
862828
862829
862830
862850
862851
862852
862853
862854
862858
862859
862862
862863
862868
862869
862870
862871
862872
862875
862880
862881
862882
862883
862908
