0001
0004
0005
0006
0007
0008
0009
0010
0012
0013
0018
0019
0023
0024
0025
0026
0027
0029
0030
0032
0033
0035
0036
0037
0038
0040
0041
0042
0043
0044
0045
0046
0047
0049
0052
0053
0054
0056
0057
0058
0059
0060
0062
0064
0066
0067
0068
0070
0071
0073
0074
0075
0076
0077
0078
0079
0080
0081
0082
0083
0085
0087
0090
0091
0092
0095
0096
0097
0099
0100
0101
0105
0106
0107
0108
0109
0110
0111
0112
0114
0115
0116
0117
0119
0120
0121
0124
0125
0126
0127
0129
0131
0132
0135
0136
0137
0139
0142
0143
0144
0147
0149
0151
0152
0153
0155
0156
0157
0158
0159
0160
0164
0165
0167
0168
0170
0171
0172
0173
0174
0175
0176
0177
0179
0180
0182
0183
0184
0185
0186
0188
0190
0193
0194
0195
0196
0197
0199
0201
0202
0204
0205
0206
0207
0208
0209
0210
0212
0216
0217
0218
0219
0220
0221
0224
0227
0228
0230
0231
0234
0235
0237
0238
0240
0241
0242
0244
0245
0246
0247
0248
0250
0251
0252
0253
0255
0256
0257
0258
0260
0261
0262
0263
0264
0267
0268
0270
0271
0272
0273
0274
0277
0278
0280
0281
0282
0283
0284
0286
0287
0288
0289
0290
0291
0292
0294
0295
0296
0297
0299
0302
0306
0307
0308
0309
0310
0312
0314
0315
0316
0317
0318
0319
0320
0321
0322
0323
0324
0325
0326
0327
0328
0329
0330
0332
0333
0334
0335
0338
0339
0340
0341
0344
0346
0347
0348
0349
0353
0354
0356
0357
0358
0360
0361
0363
0364
0365
0366
0367
0370
0371
0374
0375
0377
0378
0379
0380
0381
0383
0384
0385
0386
0387
0389
0390
0391
0393
0394
0395
0396
0399
0400
0401
0403
0404
0406
0407
0408
0412
0414
0416
0417
0418
0420
0421
0422
0423
0424
0426
0427
0428
0430
0431
0432
0437
0439
0440
0443
0446
0451
0452
0455
0456
0458
0460
0461
0462
0463
0465
0466
0468
0469
0473
0474
0475
0478
0479
0480
0481
0482
0484
0485
0488
0490
0491
0492
0493
0494
0495
0497
0498
0501
0502
0503
0504
0505
0508
0509
0511
0512
0513
0514
0516
0517
0518
0519
0520
0521
0522
0523
0526
0529
0530
0532
0533
0537
0538
0539
0540
0541
0542
0543
0545
0547
0548
0549
0550
0553
0554
0555
0557
0558
0565
0566
0567
0569
0570
0571
0572
0575
0576
0579
0580
0581
0582
0585
0587
0590
0591
0593
0595
0597
0598
0599
0600
0603
0604
0605
0607
0610
0612
0613
0615
0616
0617
0619
0620
0623
0624
0626
0627
0628
0629
0630
0631
0632
0633
0635
0640
0642
0644
0646
0647
0648
0649
0650
0651
0652
0654
0656
0657
0659
0660
0661
0662
0666
0667
0668
0669
0670
0671
0672
0674
0675
0676
0678
0681
0685
0686
0687
0690
0691
0692
0695
0696
0697
0699
0702
0705
0706
0707
0709
0710
0712
0713
0714
0716
0719
0720
0721
0722
0723
0724
0725
0727
0731
0732
0734
0736
0737
0738
0741
0742
0743
0746
0747
0751
0752
0753
0754
0755
0756
0758
0762
0763
0764
0765
0767
0769
0770
0771
0772
0773
0774
0775
0776
0778
0779
0780
0781
0782
0783
0785
0786
0789
0791
0792
0793
0794
0796
0797
0798
0801
0802
0805
0806
0807
0808
0810
0811
0813
0814
0815
0816
0818
0820
0821
0822
0823
0824
0826
0827
0829
0831
0832
0834
0837
0838
0839
0841
0844
0847
0848
0851
0854
0855
0857
0858
0860
0861
0862
0863
0865
0866
0867
0868
0869
0871
0875
0876
0877
0878
0880
0882
0884
0885
0886
0888
0889
0890
0891
0892
0893
0895
0896
0897
0898
0899
0902
0903
0904
0905
0906
0907
0908
0910
0911
0913
0914
0915
0917
0920
0921
0923
0925
0926
0927
0928
0930
0931
0932
0933
0934
0935
0936
0937
0938
0941
0942
0943
0945
0947
0949
0950
0952
0953
0954
0956
0957
0958
0960
0962
0963
0964
0965
0966
0968
0970
0971
0973
0974
0975
0976
0977
0978
0979
0981
0986
0989
0990
0992
0993
0995
0996
0998
0999
1000
1002
1003
1004
1005
1006
1007
1008
1009
1010
1012
1015
1016
1017
1018
1019
1020
1021
1022
1023
1024
1025
1026
1027
1028
1030
1031
1033
1035
1036
1037
1038
1039
1040
1041
1042
1043
1044
1045
1050
1056
1057
1058
1060
1061
1062
1066
1067
1068
1069
1070
1073
1077
1081
1446
