4004
4005
4006
4007
4008
4010
4011
4012
4013
4014
4015
4016
4017
4018
4019
4020
4021
4024
4025
4029
4032
4033
4034
4035
4037
4038
4039
4040
4041
4042
4043
4044
4045
4047
4048
4050
4052
4053
4055
4056
4057
4059
4060
4062
4066
4067
4070
4071
4072
4073
4074
4076
4077
4080
4083
4086
4087
4088
4089
4090
4091
4093
4095
4096
4099
4100
4102
4103
4105
4107
4108
4110
4111
4112
4115
4116
4118
4119
4120
4121
4122
4123
4124
4125
4126
4127
4128
4131
4132
4133
4134
4135
4136
4137
4139
4140
4141
4146
4147
4149
4152
4153
4154
4155
4156
4157
4158
4162
4164
4165
4166
4167
4171
4172
4173
4175
4176
4177
4179
4184
4185
4186
4187
4190
4191
4192
4193
4194
4195
4198
4200
4202
4203
4204
4207
4209
4210
4211
4212
4213
4214
4216
4217
4218
4219
4220
4221
4222
4223
4225
4227
4228
4230
4231
4232
4233
4234
4236
4238
4241
4243
4244
4245
4247
4248
4249
4250
4251
4253
4256
4258
4260
4262
4264
4266
4267
4268
4269
4271
4272
4273
4276
4277
4278
4279
4280
4281
4282
4283
4284
4285
4286
4288
4289
4292
4293
4294
4295
4296
4297
4298
4299
4303
4304
4305
4307
4308
4310
4315
4317
4319
4321
4325
4326
4327
4331
4332
4334
4335
4336
4338
4345
4346
4349
4350
4352
4354
4356
4357
4359
4360
4361
4364
4365
4366
4367
4368
4370
4371
4372
4373
4374
4375
4376
4379
4380
4381
4382
4383
4384
4387
4388
4391
4393
4394
4395
4397
4398
4399
4400
4401
4403
4404
4405
4406
4408
4410
4411
4412
4415
4416
4417
4418
4419
4420
4421
4424
4425
4427
4429
4430
4431
4433
4437
4438
4439
4440
4441
4443
4444
4445
4446
4448
4449
4450
4451
4452
4454
4457
4460
4462
4463
4465
4466
4467
4468
4469
4470
4471
4472
4473
4475
4476
4478
4479
4480
4481
4482
4483
4484
4485
4486
4489
4491
4495
4498
4499
4500
4501
4503
4505
4506
4507
4509
4511
4512
4516
4517
4518
4521
4522
4524
4525
4526
4527
4528
4531
4532
4533
4534
4537
4538
4539
4540
4541
4542
4543
4545
4546
4549
4550
4551
4552
4553
4554
4555
4557
4560
4561
4562
4563
4564
4565
4566
4567
4568
4570
4572
4575
4576
4578
4579
4580
4582
4583
4584
4585
4586
4588
4589
4591
4592
4593
4594
4595
4596
4597
4598
4600
4601
4604
4605
4606
4609
4614
4615
4616
4617
4618
4619
4621
4622
4623
4626
4627
4630
4631
4633
4636
4637
4638
4640
4641
4645
4646
4647
4648
4649
4651
4652
4654
4655
4656
4657
4659
4660
4661
4662
4663
4664
4665
4667
4668
4669
4670
4671
4673
4674
4675
4676
4677
4678
4679
4680
4682
4684
4686
4687
4688
4689
4691
4692
4694
4695
4696
4697
4701
4702
4703
4704
4705
4706
4708
4709
4710
4711
4714
4715
4717
4718
4719
4722
4723
4724
4725
4726
4727
4728
4729
4730
4733
4734
4736
4737
4738
4739
4741
4742
4744
4747
4748
4750
4751
4752
4753
4754
4755
4756
4757
4760
4761
4763
4764
4765
4766
4767
4769
4770
4772
4774
4775
4776
4777
4779
4782
4783
4784
4785
4786
4787
4790
4791
4792
4793
4796
4797
4798
4799
4800
4801
4803
4804
4805
4806
4807
4809
4810
4811
4812
4813
4814
4815
4816
4817
4820
4825
4826
4828
4829
4830
4831
4832
4833
4834
4835
4836
4837
4839
4840
4841
4842
4843
4844
4846
4848
4851
4852
4853
4856
4858
4859
4860
4862
4866
4867
4868
4871
4872
4875
4877
4878
4879
4882
4883
4884
4885
4886
4887
4888
4891
4892
4893
4894
4895
4897
4898
4900
4902
4905
4906
4907
4908
4909
4910
4913
4914
4916
4917
4919
4920
4921
4922
4923
4926
4927
4928
4929
4930
4931
4935
4936
4937
4938
4939
4940
4942
4943
4944
4945
4948
4952
4954
4955
4958
4960
4961
4962
4963
4964
4965
4966
4967
4968
4969
4970
4971
4973
4978
4980
4981
4982
4983
4985
4986
4987
4988
4991
4992
4996
4997
4998
4999
5000
5003
5004
5007
5008
5011
5012
5013
5014
5015
5016
5017
5018
5019
5020
5021
5023
5025
5026
5027
5028
5029
5032
5036
5037
5039
5040
5041
5043
5044
5046
5048
5049
5050
5051
5053
5054
5056
5057
5058
5061
5062
5063
5064
5065
5066
5067
5069
5070
5071
5072
5073
5076
5077
5078
5080
5081
5082
5084
5085
5086
5087
5088
5090
5092
5095
5097
5098
5100
5101
5102
5103
5104
5105
5107
5108
5110
5111
5114
5116
5118
5120
5123
5125
5126
5127
5128
5130
5132
5134
5135
5138
5139
5140
5141
5142
5143
5144
5145
5146
5147
5149
5150
5151
5152
5153
5154
5155
5156
5157
5158
5159
5160
5164
5165
5166
5167
5168
5170
5171
5175
5176
5177
5179
5180
5181
5184
5186
5187
5189
5190
5191
5193
5195
5196
5197
5199
5200
5202
5204
5205
5207
5208
5209
5210
5211
5213
5214
5217
5219
5221
5222
5225
5226
5228
5229
5230
5231
5232
5233
5234
5235
5237
5238
5240
5243
5245
5246
5248
5251
5252
5253
5254
5255
5256
5257
5258
5259
5260
5261
5262
5263
5264
5265
5267
5268
5269
5270
5271
5272
5273
5275
5277
5278
5279
5282
5283
5284
5287
5290
5291
5292
5293
5294
5296
5297
5298
5299
5300
5301
5302
5303
5304
5307
5308
5311
5314
5315
5316
5318
5319
5322
5323
5324
5325
5326
5327
5328
5329
5331
5334
5335
5336
5337
5338
5339
5340
5343
5344
5345
5347
5348
5349
5350
5351
5352
5357
5358
5359
5360
5361
5362
5363
5365
5367
5368
5369
5371
5372
5373
5376
5378
5380
5381
5382
5383
5386
5387
5388
5389
5390
5392
5393
5395
5397
5398
5399
5401
5403
5404
5405
5406
5408
5409
5410
5412
5413
5416
5417
5418
5419
5420
5421
5422
5423
5424
5425
5427
5428
5430
5431
5433
5435
5436
5437
5438
5439
5441
5442
5443
5445
5446
5447
5448
5449
5450
5451
5452
5453
5454
5455
5456
5457
5458
5459
5460
5462
5465
5466
5467
5468
5471
5479
5480
5481
5482
5483
5484
5485
5486
5488
5489
5491
5492
5493
5494
5495
5496
5497
5498
5500
5502
5503
5506
5509
5510
5515
5516
5517
5518
5519
5521
5524
5525
5526
5528
5530
5534
5535
5536
5537
5538
5539
5540
5542
5543
5544
5545
6002
6005
6006
6007
6009
6010
6011
6012
6013
6014
6015
6017
6019
6021
6022
6023
6024
6027
6030
6031
6032
6033
6034
6035
6036
6038
6039
6040
6043
6044
6045
6046
6047
6048
6049
6058
6059
6060
6062
6064
6065
6066
6068
6069
6070
6071
6072
6074
6075
6076
6078
6079
6080
6081
6083
6085
6087
6088
6090
6093
6094
6096
6097
6099
6100
6102
6103
6104
6105
6109
6110
6113
6114
6117
6119
6122
6124
6125
6127
6128
6129
6131
6133
6134
6135
6136
6138
6142
6143
6144
6145
6146
6147
6148
6149
6150
6152
6154
6157
6158
6159
6160
6162
6163
6168
6169
6170
6171
6172
6173
6174
6179
6180
6183
6185
6186
6188
6191
6192
6194
6195
6197
6198
6199
6201
6202
6203
6204
6205
6206
6207
6208
6209
6214
6215
6216
6217
6218
6219
6220
6222
6223
6225
6226
6228
6232
6234
6236
6237
6238
6239
6240
6241
6242
6243
6244
6245
6246
6249
6250
6252
6253
6254
6256
6257
6258
6259
6260
6262
6263
6264
6265
6269
6271
6272
6274
6275
6276
6277
6280
6284
6286
6289
6290
6291
6292
6293
6296
6297
6300
6302
6305
6306
6307
6308
6309
6310
6312
6313
6315
6316
6317
6318
6319
6320
6321
6322
6325
6328
6329
6331
6333
6334
6335
6336
6337
6338
6339
6341
6342
6344
6345
6347
6348
6349
6351
6353
6354
6355
6356
6358
6360
6361
6362
6363
6364
6366
6367
6370
6371
6372
6373
6374
6375
6376
6377
6379
6380
6381
6382
6383
6384
6385
6386
6388
6389
6391
6394
6396
6397
6399
6401
6402
6404
6408
6410
6411
6412
6413
6415
6416
6417
6418
6419
6420
6421
6422
6423
6426
6427
6428
6429
6432
6433
6438
6439
6440
6442
6443
6444
6445
6446
6447
6448
6449
6450
6451
6452
6453
6454
6456
6457
6460
6461
6462
6463
6464
6466
6467
6468
6469
6470
6473
6474
6475
6476
6477
6478
6480
6481
6482
6483
6484
6485
6486
6487
6488
6489
6495
6496
6500
6504
6505
6506
6508
6509
6510
6512
6513
6514
6515
6516
7140
