2003
2005
2006
2009
2011
2013
2015
2016
2017
2018
2019
2021
2022
2023
2024
2030
2031
2033
2035
2036
2038
2040
2041
2043
2044
2047
2048
2049
2050
2052
2055
2056
2061
2062
2064
2066
2067
2069
2071
2075
2076
2079
2081
2085
2086
2088
2091
2092
2093
2095
2097
2100
2101
2102
2109
2111
2112
2113
2116
2117
2118
2120
2122
2123
2124
2125
2127
2128
2129
2133
2134
2135
2136
2138
2140
2141
2143
2144
2145
2146
2149
2151
2152
2154
2159
2162
2165
2166
2167
2169
2174
2178
2179
2183
2184
2185
2186
2187
2189
2191
2192
2194
2196
2198
2202
2203
2205
2206
2207
2208
2210
2216
2218
2220
2226
2230
2240
2242
2243
2244
2247
2248
2249
2250
2255
2257
2260
2261
2263
2269
2270
2273
2281
2282
2285
2291
2294
2295
2299
2300
2302
2309
2311
2316
2318
2319
2326
2327
2328
2330
2332
2334
2349
2353
2356
2357
2358
2360
2400
2407
2419
2424
2425
2427
2428
2429
2435
2468
2469
2476
2484
2602
2603
2606
2607
2608
2609
2610
2611
2612
2613
2615
2616
2620
2621
2622
2624
2625
2626
2627
2628
2629
2630
2632
2634
2637
2639
2641
2643
2644
2649
2650
2655
2658
2660
2666
2667
2668
2669
2674
2675
2676
2679
2681
2684
2685
2691
2692
2694
2695
2696
2699
2711
2716
2720
2722
2724
2725
2726
2727
2728
2729
2735
2736
2738
2741
2742
2743
2745
2746
2749
2750
2755
2761
2766
2767
2768
2769
2770
2772
2773
2774
2775
2776
2780
2781
2782
2785
2786
2788
2789
2791
2793
2796
2797
2798
2800
2801
2802
2803
2806
2807
2808
2809
2810
2811
2813
2815
2817
2818
2821
2823
2825
2826
2828
2831
2832
2833
2834
2835
2837
2838
2839
2840
2841
2845
2848
2849
2850
2851
2853
2854
2856
2858
2859
2862
2863
2864
2865
2866
2867
2870
2871
2872
2877
2878
2879
2886
2887
2890
2893
2894
2895
2896
2898
2901
2905
2908
2915
2918
2924
2926
2942
2945
2947
2948
2954
2957
2959
2963
2964
2966
2967
2969
2971
2972
2974
2975
2976
2977
2980
2981
2984
2985
2986
2987
2988
2989
2990
2991
2992
2993
2996
2997
2998
2999
3000
3001
3002
3006
3008
3009
3010
3014
3015
3016
3018
3020
3021
3022
3023
3026
3027
3028
3030
3031
3032
3033
3034
3035
3042
3044
3045
3047
3049
3051
3053
3055
3056
3057
3060
3062
3063
3065
3067
3068
3070
3072
3074
3077
3078
3079
3080
3081
3082
3083
3084
3085
3087
3088
3089
3090
3091
3092
3093
3094
3095
3098
3099
3100
3101
3103
3106
3108
3109
3110
3111
3112
3116
3118
3124
3125
3126
3127
3129
3132
3134
3135
3136
3138
3140
3141
3142
3143
3144
3145
3146
3147
3148
3150
3151
3152
3153
3154
3155
3156
3157
3158
3163
3191
