1010
1015
1016
1017
1018
1020
1022
1025
1026
1027
1028
1029
1030
1031
1032
1033
1034
1035
1036
1038
1039
1040
1041
1042
1043
1044
1048
1049
1050
1051
1052
1053
1054
1056
1057
1058
1059
1060
1061
1066
1068
1069
1070
1071
1072
1073
1075
1076
1077
1078
1080
1083
1084
1089
1090
1091
1093
1094
1095
1096
1097
1099
1101
1102
1105
1107
1108
1109
1112
1113
1118
1119
1124
1125
1126
1127
1131
1134
1136
1137
1140
1141
1150
1153
1155
1162
1163
1164
1165
1170
1171
1176
1177
1180
1181
1182
1183
1185
1186
1192
1195
1196
1197
1200
1201
1202
1203
1204
1212
1213
1214
1215
1216
1217
1220
1221
1222
1223
1224
1225
1227
1228
1229
1236
1237
1239
1240
1241
1242
1245
1246
1247
1252
1253
1254
1256
1257
1258
1259
1260
1261
1262
1263
1264
1265
1267
1268
1270
1274
1275
1276
1277
1278
1279
1281
1283
1285
1286
1287
1288
1290
1291
1292
1293
1297
1298
1300
1304
1305
1307
1308
1309
1311
1312
1313
1314
1316
1317
1320
1322
1323
1328
1329
1331
1337
1340
1341
1342
1343
1344
1345
1348
1349
1350
1351
1353
1354
1355
1357
1358
1359
1360
1361
1364
1365
1366
1370
1373
1374
1375
1376
1377
1378
1380
1381
1386
1387
1388
1390
1391
1392
1394
1395
1396
1397
1398
1399
1404
1405
1406
1407
1408
1409
1410
1411
1412
1413
1414
1415
1416
1418
1419
1420
1421
1422
1423
1425
1426
1427
1428
1429
1433
1438
1439
1440
1442
1443
1444
1445
1449
1451
1452
1453
1454
1458
1459
1463
1464
1466
1469
1472
1474
1476
1478
1479
1481
1482
1487
1488
1489
1490
1491
1492
1496
1497
1498
1499
1502
1508
1509
1510
1512
1513
1516
1520
1525
1526
1528
1529
1538
1539
1541
1542
1544
1545
1546
1547
1548
1549
1552
1553
1555
1559
1560
1562
1564
1566
1568
1570
1571
1573
1574
1575
1576
1577
1578
1580
1581
1584
1585
1586
1587
1588
1589
1590
1591
1594
1595
1596
1602
1603
1608
1609
1616
1617
1618
1621
1622
1623
1627
1628
1629
1630
1635
1641
1644
1645
1647
1648
1649
1650
1651
1652
1653
1656
1658
1660
1661
1663
1664
1665
1667
1669
1670
1671
1672
1673
1674
1675
1677
1678
1680
1681
1684
1686
1687
1688
1690
1691
1692
1693
1694
1695
1700
1701
1702
1703
1704
1705
1707
1708
1709
1712
1713
1714
1715
1716
1718
1719
1722
1723
1724
1725
1728
1729
1730
1734
1735
1738
1739
1744
1745
1746
1747
1750
1751
1752
1754
1755
1758
1759
1760
1761
1762
1763
1764
1765
1770
1771
1774
1775
1780
1782
1783
1785
1786
1787
1788
1790
1791
1792
1793
1794
1795
1796
1798
1799
1800
1801
1802
1803
1804
1805
1806
1807
1808
1810
1811
1816
1818
1819
1823
1824
1825
1827
1830
1831
1835
1838
1839
1842
1843
1844
1845
1848
1849
1850
1851
1856
1857
1858
1859
1860
1864
1866
1867
1870
1871
1873
1874
1875
1878
1881
1888
1891
1894
1896
1898
1902
1903
1904
1906
1907
1908
1910
1914
1915
1916
1917
1919
1922
1924
1925
1927
1928
1930
1931
1932
1933
1934
1938
1939
1944
1945
1946
1950
1951
1956
1958
1960
1961
1962
1963
1965
1966
1971
1972
1973
1974
1975
1976
1978
1979
1980
1982
1983
1984
1985
1986
1989
1990
1993
1994
1995
1996
2000
2001
2004
2007
2010
2011
2012
2013
2015
2016
2017
2018
2020
2021
2023
2024
2025
2026
2027
2028
2029
2031
2032
2033
2034
2035
2036
2038
2039
2040
2042
2043
2044
2046
2048
2049
2050
2051
2056
2057
2059
2062
2063
2064
2065
2066
2067
2070
2071
2072
2073
2074
2075
2077
2080
2081
2082
2083
2084
2086
2087
2090
2093
2096
2097
2100
2104
2105
2109
2114
2115
2116
2118
2119
2124
2125
2126
2127
2128
2131
2132
2133
2134
2135
2138
2139
2140
2141
2142
2143
2144
2147
2149
2154
2155
2156
2157
2158
2159
2160
2163
2164
2165
2166
2168
2169
2170
2171
2172
2174
2175
2178
2181
2182
2183
2184
2188
2189
2190
2191
2192
2194
2195
2196
2197
2198
2199
2201
2202
2203
2204
2207
2210
2211
2212
2213
2214
2215
2216
2220
2221
2223
2224
2225
2226
2233
2234
2235
2236
2237
2239
2241
2242
2243
2249
2250
2252
2253
2254
2257
2260
2261
2263
2264
2265
2273
2277
2278
2282
2283
2284
2285
2286
2287
2288
2290
2291
2294
2296
2297
2301
2302
2303
2305
2306
2307
2309
2311
2319
2320
2321
2323
2324
2325
2328
2329
2333
2334
2336
2337
2338
2339
2341
2342
2343
2344
2345
2347
2348
2349
2350
2351
2354
2355
2356
2358
2359
2360
2363
2364
2366
2367
2372
2373
2385
2388
2389
2390
2391
2392
2393
2397
2399
2400
2401
2402
2403
2404
2405
2407
2410
2415
2416
2418
2419
2421
2422
2423
2424
2425
2426
2428
2429
2438
2439
2440
2441
2442
2443
2445
2446
2447
2450
2451
2453
2456
2457
2459
2460
2461
2462
2465
2470
2471
2472
2474
2477
2479
2480
2482
2484
2489
2490
2491
2494
2496
2497
2498
2499
2501
2503
2507
2508
2510
2511
2514
2516
2517
2518
2520
2521
2522
2523
2524
2525
2527
2530
2532
2533
2538
2539
2541
2542
2543
2545
2546
2547
2548
2549
2551
2555
2563
2566
2567
2569
2571
2572
2573
2574
2575
2576
2577
2578
2579
2580
2582
2583
2584
2585
2586
2587
2588
2589
2590
2595
2596
2597
2598
2600
2601
2604
2606
2607
2608
2609
2610
2611
2612
2613
2614
2615
2616
2617
2619
2624
2625
2626
2630
2632
2633
2638
2640
2642
2644
2645
2646
2648
2649
2650
2651
2656
2657
2659
2662
2663
2665
2667
2668
2670
2673
2674
2675
2679
2680
2681
2683
2686
2687
2689
2691
2694
2696
2697
2698
2699
2700
2701
2703
2704
2705
2707
2711
2712
2713
2714
2715
2716
2718
2719
2720
2726
2727
2728
2734
2735
2738
2740
2741
2742
2743
2748
2752
2753
2756
2762
2763
2764
2765
2766
2767
2770
2771
2774
2776
2777
2779
2780
2781
2785
2788
2791
2792
2793
2795
2796
2798
2799
2800
2801
2802
2803
2806
2807
2809
2811
2818
2821
2826
2827
2829
2831
2834
2835
2836
2837
2838
2839
2842
2843
2844
2845
2846
2847
2848
2849
2850
2851
2852
2858
2859
2860
2861
2862
2863
2864
2865
2866
2867
2868
2873
2874
2875
2876
2878
2880
2882
2883
2884
2885
2888
2889
2893
2894
2895
2897
2901
2902
2903
2904
2905
2908
2909
2913
2916
2917
2919
2921
2922
2923
2925
2930
2931
2936
2937
2940
2941
2943
2945
2946
2947
2950
2951
2952
2953
2954
2955
2958
2960
2962
2963
2966
2967
2974
2978
2979
2985
2986
2987
2988
2989
2990
2991
2993
2994
2996
2997
2998
2999
3000
3003
3004
3006
3007
3009
3012
3013
3014
3015
3017
3026
3028
3029
3033
3035
3038
3039
3041
3045
3046
3047
3048
3049
3051
3052
3053
3056
3057
3058
3060
3062
3063
3067
3068
3071
3075
3088
3089
3092
3094
3095
3097
3101
3106
3107
3109
3112
3113
3114
3115
3118
3119
3120
3122
3124
3125
3126
3127
3128
3129
3130
3131
3132
3133
3136
3140
3141
3145
3146
3150
3151
3154
3155
3156
3157
3160
3161
3164
3165
3166
3167
3168
3169
3170
3171
3173
3176
3177
3180
3184
3185
3186
3187
3188
3190
3191
3192
3193
3196
3202
3203
3204
3205
3207
3208
3209
3210
3212
3213
3214
3215
3218
3222
3224
3225
3226
3227
3228
3230
3231
3234
3237
3243
3244
3249
3252
3253
3256
3257
3258
3259
3260
3262
3263
3264
3266
3267
3272
3274
3278
3279
3280
3283
3286
3287
3290
3291
3294
3295
3296
3297
3300
3301
3303
3305
3306
3307
3308
3312
3313
3315
3316
3318
3319
3323
3324
3325
3327
3330
3331
3332
3334
3338
3339
3340
3344
3345
3346
3347
3348
3349
3352
3353
3354
3355
3357
3363
3366
3367
3368
3372
3373
3378
3384
3385
3386
3387
3388
3389
3403
3406
3407
3409
3410
3414
3415
3418
3419
3420
3421
3422
3423
3425
3426
3427
3431
3432
3435
3437
3440
3441
3446
3448
3449
3452
3453
3456
3460
3464
3465
3469
3472
3479
3484
3485
3490
3491
3493
3494
3495
3496
3497
3498
3500
3505
3507
3508
3509
3510
3511
3514
3515
3516
3517
6001
6002
6003
6004
6005
6006
6008
6009
6010
6012
6013
6015
6017
6018
6021
6022
6024
6025
6026
6027
6028
6030
6032
6033
6035
6036
6037
6039
6042
6045
6046
6051
6053
6055
6056
6061
6062
6065
6066
6068
6069
6070
6071
6072
6073
6077
6078
6083
6084
6089
6090
6091
6092
6094
6098
6099
6103
6107
6109
6110
6113
6115
6116
6117
6118
